Q = 0.2 * 10^(-6);
S = 8 * 10^(-4);
d1 = 0.5 * 10^(-2);
d2 = 0.6 * 10^(-2);
er1 = 2;
er2 = 1.8;
e0 = 8.85 * 10^(-12);

e1 = er1*e0;
e2 = er2*e0;

E1 = Q/(S*e1);
E2 = Q/(S*e2);
U1 = E1*d1;
U2 = E2*d2;

E1MV_m = E1 * 10^(-6);
E2MV_m = E2 * 10^(-6);
U1kV = U1 * 10^(-3);
U2kV = U2 * 10^(-3);

C1 = Q/U1;
C2 = Q/U2;
C = C1+C2;

CpF = C * 10^(12);

W1 = (1/2)*Q*U1;
W2 = (1/2)*Q*U2;
W = W1+W2;
WmJ = W* 10^(3);

C2 = 2*W/((U1)^2)+2*W/((U2)^2);
CpF2 = C * 10^(12);